200
0.816911179049531	0.0498575013455930	0.487999358505228
0.189471481685439	0.545886208890830	0.497838309030001
0.123693456864363	0.943169839655479	0.935975553324428
0.820996478991022	0.321473069869989	0.389281682796525
0.637897620011436	0.806466803793334	0.117145165727576
0.0161198018822152	0.601398755252809	0.240423553971239
0.895954627639733	0.789620465123038	0.684908494629146
0.515375057119979	0.799185035044316	0.839253615059596
0.544521938346247	0.0495647655782110	0.970144632898035
0.606442208248527	0.283198633840946	0.215169612804033
0.760436217840179	0.653456823979965	0.760343346418237
0.855346871876900	0.489655345328471	0.584102849858033
0.382868448331762	0.972852237010803	0.402951577571241
0.0846491886172254	0.748489909977082	0.510040337757567
0.733873298781272	0.567841149738807	0.495644219085048
0.331989332624431	0.298964163457197	0.651368342531714
0.839749534874645	0.256109781061838	0.743706144622944
0.371723308016557	0.886563794411547	0.301953469127232
0.828215270033629	0.446800862782801	0.0896119352021239
0.176518628961560	0.815987253296207	0.825965482484244
0.129519861034667	0.0983373017446377	0.389587008921693
0.879883582417879	0.859593453475272	0.775304853268840
0.0440791284676966	0.0276290081611751	0.179369095283977
0.686720018480803	0.899156434256364	0.109361209717788
0.733772904933592	0.899935500526176	0.905158338091637
0.437172437244659	0.524106009617363	0.876351003922501
0.379838916907628	0.120199512647135	0.999792564444752
0.979657439846574	0.177794091822279	0.864254686057084
0.398993422611629	0.706107594508614	0.0368775222838726
0.440186914269368	0.831359756387049	0.544682442007247
0.156807887544396	0.0348338205677290	0.997616182183573
0.326034284066419	0.757838710385933	0.511008154246046
0.314061928673465	0.957112178001164	0.873512175935722
0.894500663904255	0.342870514996848	0.0702214723365389
0.247024179264040	0.638243709424706	0.987538736827997
0.310679015912649	0.343005811970325	0.922713429546706
0.408868908042171	0.216471396182541	0.564260919599778
0.708010894064053	0.786200627030545	0.431462053674345
0.143637595059492	0.723089959545472	0.337844565256492
0.871322066573022	0.278838904787457	0.720723427847251
0.0831558967534599	0.582431428704480	0.0136555666633351
0.461737838368131	0.421005781368280	0.374060192775824
0.0303890236611514	0.0920687067543677	0.922685220392168
0.753200532708854	0.0240273250067485	0.546479648029272
0.700042669529620	0.491145804011365	0.473886869752125
0.214512246163991	0.278267020151879	0.496537318440195
0.679904685523419	0.339757164151065	0.308971081219392
0.557292680689929	0.287349609515076	0.950837558840908
0.850678902590103	0.170903235249478	0.981993280873020
0.558565491802886	0.399263314281429	0.513563103542578
0.901773664047563	0.697649568457898	0.992589818472072
0.419517704013185	0.203676437129015	0.455843702065251
0.358128352789036	0.666326488489510	0.426040880892099
0.488987517379486	0.443066089408273	0.213214778797911
0.255962141002191	0.433295265575696	0.193249480429275
0.929169268992397	0.175239442394595	0.832754245970334
0.466756814210436	0.193202311760390	0.726637099604961
0.254007850556945	0.616421331646761	0.529745693905775
0.431218447278074	0.269010607873387	0.829080737499330
0.702530011252343	0.559677931615908	0.511874431338254
0.402329867986601	0.944783991754306	0.551961846254546
0.181840078665688	0.714471635748948	0.213284894015896
0.856251116146682	0.679219655394007	0.587820626322730
0.584201224536599	0.959380581307086	0.142763225348141
0.373578782679898	0.775334311958987	0.0522235278251505
0.221694546768398	0.607726966322105	0.683307915305935
0.218994117711834	0.948002359333351	0.608559478411928
0.522232443025500	0.0596416235853658	0.219655934781161
0.433422713487762	0.268712345242794	0.406279942301345
0.741303988298553	0.986680043980283	0.629907944762480
0.0704496323284114	0.772206732094027	0.555307624725453
0.847333436397182	0.475354299957795	0.127579062038263
0.679880234557907	0.680899555553953	0.169198331655614
0.136651521898580	0.416934754931422	0.000999418116753414
0.858402188578687	0.380149202893181	0.418162471197123
0.199834124667075	0.213270389075209	0.488485678876445
0.607339921764212	0.382937989134143	0.159868843152470
0.543044983654388	0.0296677515101038	0.666838577223759
0.162324692032503	0.472321065084073	0.0179203690512555
0.00565306812684552	0.333372686843787	0.119675356519242
0.771485147165409	0.975844804109989	0.952125308877993
0.764787556255340	0.555443538619757	0.975853970932192
0.421069352361882	0.846303637783572	0.0309145386684058
0.0568131809736324	0.408063494401911	0.493881843753437
0.585746995234228	0.462018163773892	0.862722128138830
0.174155244434031	0.826306720846432	0.242876166293110
0.728610660566310	0.991203199868745	0.834270163718799
0.534291049941029	0.523947649263609	0.813591192402868
0.253064287751413	0.925436889631448	0.628973104075631
0.917056748285585	0.739021861521925	0.00223819856083329
0.758194529715416	0.567430056171921	0.379723939726934
0.887030732228013	0.968777662942908	0.904405696492435
0.0687981711037167	0.824499419818922	0.680351665064685
0.183528195527840	0.959609278997884	0.378823130726170
0.737072654586589	0.646346065444023	0.631954710702334
0.696714852649722	0.379573485440289	0.243269522470590
0.776992905706029	0.476574680880329	0.571413071603897
0.501903419153744	0.911889812500719	0.981728773776423
0.425496828002627	0.0148538557678735	0.849682018905517
0.611237130774301	0.156693847233962	0.283444185689061
0.855771891361736	0.471567876529848	0.682457664450218
0.670797108980223	0.542991694845257	0.358124530982000
0.523592044711161	0.0596910323858083	0.986926769961850
0.298815410107022	0.658030305628083	0.0839862957561888
0.703969078651195	0.889635303379043	0.250305886361701
0.381610875988882	0.109632606115212	0.811346615315006
0.567684997801487	0.437773114218114	0.0844231038780854
0.887860955311228	0.280230089607324	0.531253963741857
0.842949288995289	0.985246312451203	0.800622979147950
0.898798555832190	0.608758707334404	0.738823241921064
0.939003091446555	0.253749206918446	0.141662980302459
0.815435155938748	0.132614726848363	0.437894257905023
0.00135782878603108	0.545004891218423	0.350380372413469
0.00309069755746516	0.827803931470922	0.478497497197690
0.0874688163187515	0.837006271022824	0.587403400124094
0.260727351204320	0.833348647034423	0.145805695219521
0.0227986706409334	0.203715434293916	0.905330607244364
0.424084818805879	0.544417699248773	0.640194248332222
0.341064968909229	0.874942721542349	0.162939571440670
0.541353933307704	0.121000086169667	0.565910591001657
0.926169082583073	0.856350768537266	0.931616136977195
0.298499447059240	0.899776018962328	0.783101883684631
0.338084793851282	0.217865123936470	0.685687136978989
0.859480107206790	0.0769790849348919	0.466219284982742
0.340478310765433	0.474215160481872	0.260318095666530
0.138120403050086	0.835027465734663	0.569268171077019
0.507798955352603	0.469393502041835	0.248770662888077
0.856656476891690	0.413769939249495	0.319301591520897
0.384313617882614	0.502746263849999	0.910802232216941
0.695690926828769	0.125439959999655	0.885220040994411
0.627904177790549	0.132285325427939	0.794589424165852
0.450388154351926	0.870475365141086	0.925809807166877
0.473617942098884	0.602950181301887	0.178839950775878
0.949706353503533	0.265301726053799	0.517541148236465
0.0834975617893309	0.864802580056935	0.627005316409310
0.279828920000213	0.0581094582239756	0.913182345900904
0.447007309334704	0.457753885102086	0.663968253838808
0.587571263995314	0.722209644099518	0.389192822992613
0.877634138414522	0.338999151596080	0.740007581416152
0.469100520229019	0.401219856926313	0.817634859708731
0.437418475701721	0.526979752194827	0.600344793176493
0.746184939974845	0.894235714464514	0.0849970645027028
0.467910465807746	0.778360658313311	0.922358001090054
0.860827351057875	0.0693676026690024	0.0535978153165582
0.466512012381487	0.278784528621045	0.527024952677366
0.498104487122709	0.379369834686065	0.118853276619748
0.487430654415445	0.864672546383037	0.380142990241005
0.229468774748017	0.419960369410699	0.812832533015109
0.0855522324090572	0.239877473491883	0.244095915571690
0.0673833136089066	0.597654516413679	0.884422659093575
0.888390934804578	0.479404403601992	0.712646794759150
0.233167685669660	0.898547501835202	0.378148438082143
0.861595759984367	0.934709237913810	0.248919610995933
0.711735093007919	0.817886833811118	0.252853745239273
0.872812993042854	0.708908978901821	0.767243594526935
0.938002006919630	0.743220570404508	0.0498618850472403
0.139689278547500	0.899709782516549	0.685288567608909
0.393900144851003	0.0652398048396921	0.620278122151001
0.980562829715054	0.335911171345859	0.746684629968725
0.644794025985376	0.00433507260879829	0.977255648345669
0.896409779453934	0.828095603149386	0.383913512660615
0.482230405436799	0.507435377303176	0.260205602313722
0.0140930751890233	0.366162436149062	0.877469536014124
0.622880344434796	0.226639717644370	0.806095983510647
0.231095363111135	0.534831709596897	0.461121079779699
0.527433962776634	0.289484866389565	0.0909616879242212
0.724991961357239	0.0683708974452039	0.564268825273198
0.607415791144935	0.0849707455669264	0.187382889148607
0.588366445795251	0.0683394681340021	0.531689585894733
0.433434840033058	0.409816499150502	0.355033321773383
0.244172893507025	0.123381382309381	0.314783504755494
0.428960353778007	0.443016592662236	0.726741468842694
0.0101774555217771	0.898939736964300	0.515772858133538
0.608821449044360	0.353639001785661	0.790644897912478
0.957975188197358	0.120178119552528	0.204492581358956
0.0954465235496006	0.569111025443708	0.678106077559796
0.0355905633801477	0.875032726365492	0.0524855426380236
0.886235111325751	0.348574977103892	0.801172362362499
0.246941365057497	0.0419210049087696	0.678568638819314
0.00891505625333700	0.142339719388392	0.946008945084062
0.814920271448039	0.0765928348764171	0.0915581428748301
0.140499436548767	0.740526589300887	0.908438370578178
0.879866440284003	0.456525127319000	0.509953037053204
0.0953767860905247	0.668249315315529	0.614903565140055
0.352560101248640	0.699246075603128	0.316071200885960
0.593420567787491	0.571357212390758	0.0774874815154217
0.585181638478593	0.628693341954442	0.850614066003707
0.667681764184503	0.877763925090051	0.144526906948512
0.648027115055705	0.662351739628039	0.370485792654012
0.433369067338592	0.875413611874802	0.622391433081251
0.139758759099258	0.467517018838228	0.997551902431370
0.751929507975084	0.141336028336665	0.517344133245693
0.241786793587219	0.0681344572325885	0.990511215150315
0.650459322478062	0.714242406919872	0.226534462555839
0.857374060834467	0.307986028182987	0.398005186420214
0.0843704710451489	0.671163971711563	0.696568689511640
0.972089161712842	0.652420835422264	0.0646407594535227
0.0314599355591159	0.531048838345102	0.747661582378364
0.835404550444859	0.715107031762305	0.420400431232813
0.835713348170861	0.504810623023082	0.811317420238023

1.86527772679027	2.23239458436519	1.98799935850523
1.12198441636768	1.93703022087768	1.99783830903000
0.745037687207242	2.07870659575419	2.43597555332443
1.63209439435553	2.37174034215880	1.88928168279653
1.12052807061185	2.45566894584020	1.61714516572758
0.987233301087835	1.81465953556038	1.74042355397124
1.26414593167523	2.67072970073576	2.18490849462915
1.06557298588726	2.34592040946492	2.33925361505960
1.72933662304977	1.99635221431490	2.47014463289803
1.55796389290096	2.16679367519083	1.71516961280403
1.31430789907714	2.48528549459734	2.26034334641824
1.50361946778515	2.48557979275718	2.08410284985803
0.848919472786006	2.31799992106824	1.90295157757124
0.894113317792132	1.94755330274080	2.01004033775757
1.37517178840267	2.41947349477307	1.99564421908505
1.40708410593712	1.93699327756680	2.15136834253171
1.69807719088010	2.35529932054853	2.24370614462294
0.918074885972355	2.26520372512690	1.80195346912723
1.52716673741410	2.44065589504271	1.58961193520212
0.881593623961977	2.06086324357001	2.32596548248424
1.47959732906686	1.66133614082297	1.88958700892169
1.19551202357256	2.69179826148438	2.27530485326884
1.49811214128490	1.55198814911029	1.67936909528398
1.06466769519816	2.54429519841988	1.60936120971779
1.08751944724366	2.58543372654428	2.40515833809164
1.26469710001760	2.14065544129691	2.37635100392250
1.58582362697889	1.88904990771154	2.49979256444475
1.83585451976241	2.43730527582470	2.36425468605708
1.08798959665623	2.19859223717888	1.53687752228387
1.00011478841946	2.29689292836428	2.04468244200725
1.54823697024968	1.65321652441108	2.49761618218357
1.00670956686775	2.16127332769916	2.01100815424605
0.828147503916271	2.25054169759334	2.37351217593572
1.65031575575620	2.44609555614156	1.57022147233654
1.07077682346461	2.03305106930401	2.48753873682800
1.35828776114431	1.94055882618827	2.42271342954671
1.51696472573432	1.96232655927339	2.06426091959978
1.17313573155232	2.50625573393088	1.93146205367434
0.945604523341906	1.98593878603276	1.83784456525649
1.69417945817714	2.39400649692392	2.22072342784725
1.03717753515619	1.86323083341521	1.51365556666334
1.36626721737902	2.11037958859946	1.87406019277582
1.43546067288771	1.57235201986395	2.42268522039217
1.85579199251360	2.16430445797321	2.04647964802927
1.42467659152883	2.35182763755141	1.97388686975213
1.36626981459507	1.82490656467682	1.99653731844019
1.54571400748913	2.25869331189088	1.80897108121939
1.52979427873737	2.12630442357815	2.45083755884091
1.77733290798006	2.32216115773124	2.48199328087302
1.43351057293455	2.18336356271936	2.01356310354258
1.34670458279999	2.62978368575791	2.49258981847207
1.53336988330056	1.96515120757725	1.95584370206525
1.10200851014812	2.14331149557554	1.92604088089210
1.36078726970675	2.14500865688826	1.71321477879791
1.25273636317302	1.93831734930280	1.69324948042928
1.81282282563746	2.39230391256053	2.33275424597033
1.56606029705084	2.00082441437593	2.22663709960496
1.09316739263774	2.02818791716638	2.02974569390577
1.48263920333319	2.00795143385999	2.32908073749933
1.36656969890927	2.38824780247345	2.01187443133825
0.882957996045204	2.32081988225479	2.05196184625455
0.972169452490833	2.01471394542512	1.71328489401590
1.33990408175242	2.58114504629881	2.08782062632273
0.961252656958881	2.48562339202421	1.64276322534814
1.01533018075774	2.21119587209515	1.55222352782515
1.08454028198441	1.99585659254296	2.18330791530594
0.788502932825651	2.16365564888448	2.10855947841193
1.70946506036487	1.98208737413318	1.71965593478116
1.48399963945313	2.00971125307898	1.90627994230135
1.01616201065520	2.63532810778341	2.12990794476248
0.866474169197415	1.94711453733069	2.05530762472545
1.51199781863697	2.47148943137482	1.62757906203826
1.25026380474370	2.42924333243505	1.66919833165561
1.20724967145804	1.82681106689569	1.50099941811675
1.59998222735544	2.43347270341989	1.91816247119712
1.41521948751942	1.77969662304232	1.98848567887644
1.47203593421781	2.21744079554733	1.65986884315247
1.74582946534628	1.98512462699746	2.16683857722376
1.17212030491092	1.87673783950367	1.51792036905126
1.21411731832883	1.67158204402907	1.61967535651924
1.04063618307241	2.65604813814262	2.45212530887799
1.40136556331504	2.44004722152522	2.47585397093219
0.977614226545184	2.28780857479224	1.53091453866841
1.17501323797771	1.75323340519392	1.99388184375344
1.39275403077908	2.23828085995019	2.36272212813883
0.871475010646189	2.06397622630538	1.74287616629311
1.00589817888440	2.62659694145296	2.33427016371880
1.31339355045509	2.22468344689540	2.31359119240287
0.825080287855617	2.18187854679906	2.12897310407563
1.31851666811274	2.66370537148823	1.50223819856083
1.38768842134199	2.44033075182991	1.87972393972693
1.10452929938653	2.75257997951843	2.40440569649244
0.820361642583141	1.97183067381919	2.18035166506468
0.760718084444484	2.13874471913677	1.87882313072617
1.30878421498265	2.46149667602883	2.13195471070233
1.51963714533057	2.29315950430874	1.74326952247059
1.47577067241019	2.41118293534187	2.07141307160390
0.961231966499021	2.39060601748377	2.48172877377642
1.69988459756219	1.87591799016391	2.34968201890552
1.66991771306582	2.10769380660384	1.78344418568906
1.51949618499734	2.47690413602884	2.18245766445022
1.36515395271015	2.35242318458466	1.85812453098200
1.71010207193135	1.98328952813221	2.48692676996185
1.07953674391955	2.08779688900899	1.58398629575619
1.08153776649587	2.55447275728018	1.75030588636170
1.59586081601557	1.88530101602441	2.31134661531501
1.40471986089403	2.21051618655246	1.58442310387809
1.70124410115088	2.40902518713151	2.03125396374186
1.06822630892996	2.72263865459755	2.30062297914795
1.42219877258953	2.58276173590264	2.23882324192106
1.74974828634175	2.44007513488406	1.64166298030246
1.79286985560276	2.27249492360606	1.93789425790502
1.02869083341109	1.77367835983190	1.85038037241347
0.784646114772281	1.91657858833564	1.97849749719769
0.818865714326727	1.99425335248241	2.08740340012409
0.908662577060958	2.14247083312158	1.64580569521952
1.33497659407896	1.62160194509452	2.40533060724436
1.24056285158363	2.13947707606960	2.14019424833222
0.912809860742647	2.23284228818752	1.66293957144067
1.66588781817081	2.02932630176793	2.06591059100166
1.22146302118794	2.73026133798530	2.43161613697720
0.870020833392215	2.20839611365007	2.28310188368463
1.48036566499801	1.90172258207667	2.18568713697899
1.86307421048970	2.28282114935590	1.96621928498274
1.25955677954570	2.03197044680141	1.76031809566653
0.845905203341085	2.03712951068965	2.06926817107702
1.34739278053673	2.17446354637147	1.74877066288808
1.56999295973344	2.44877124092943	1.81930159152090
1.25676577278949	2.08419848803165	2.41080223221694
1.73921127140498	2.16520599581588	2.38522004099441
1.69938963652679	2.10992363182297	2.29458942416585
0.971340297595247	2.32528526580290	2.42580980716688
1.21463879682558	2.21164026019668	1.67883995077588
1.74509514232132	2.45512069129644	2.01754114823647
0.792807777307034	2.00471229969209	2.12700531640931
1.58959019297799	1.77139368254574	2.41318234590090
1.32707716148792	2.11599662811223	2.16396825383881
1.16833373334936	2.36995646320343	1.88919282299261
1.64523519206368	2.42955303489348	2.24000758141615
1.38708367151357	2.10686289590998	2.31763485970873
1.26233138517011	2.14230538813977	2.10034479317649
1.09866162428983	2.59333297117184	1.58499706450270
1.05987512949817	2.29440267924277	2.42235800109005
1.87033956941796	2.28018215562309	1.55359781531656
1.49182152222285	2.04340351820349	2.02702495267737
1.42050832929372	2.12105605693032	1.61885327661975
0.994886936085034	2.35446360249857	1.88014299024101
1.25103803888165	1.90870597301242	2.31283253301511
1.33503613036493	1.69402914336266	1.74409591557169
1.01610766290370	1.85718291958333	2.38442265909358
1.52901907519684	2.50907131983357	2.21264679475915
0.838418879738501	2.15120289004915	1.87814843808214
1.12131593480683	2.71351843489633	1.74891961099593
1.14755677100271	2.52532408821530	1.75285374523927
1.32247331182156	2.61033271417915	2.26724359452694
1.32535310887435	2.68394385199544	1.54986188504724
0.790673111581046	2.07082935511673	2.18528856760891
1.64045074409639	1.87374743441519	2.12027812215100
1.69937380705703	2.51714790621292	2.24668462996873
1.81864272998622	2.06057554301618	2.47725564834567
1.23105306063740	2.69036144278261	1.88391351266062
1.30166327519491	2.17134147023713	1.76020560231372
1.18994056597783	1.69528617920567	2.37746953601412
1.61516441923084	2.15275006062072	2.30609598351065
1.15236983429519	1.96755030994948	1.96112107977970
1.51301573308381	2.10151364377804	1.59096168792422
1.80328504661153	2.16204690479748	2.06426882527320
1.73012107133301	2.06852287857480	1.68738288914861
1.73499950741246	2.04371002286005	2.03168958589473
1.36180592086219	2.08027383192912	1.85503332177338
1.51523503531955	1.77315061984733	1.81478350475549
1.33081655334548	2.09299885991923	2.22674146884269
0.726584079078504	1.95828380350990	2.01577285813354
1.49815036520683	2.20407434213410	2.29064489791248
1.87491028958715	2.38971990895035	1.70449258135896
1.05485865616674	1.86721462681872	2.17810607755980
0.759994711514801	1.96833869520495	1.55248554263802
1.64124277036733	2.44178960868578	2.30117236236250
1.58716602732558	1.73481799783938	2.17856863881931
1.38118771516877	1.57889052488575	2.44600894508406
1.84112879497318	2.24403807457112	1.59155814287483
0.928934879761970	1.99193937591908	2.40843837057818
1.54457086241782	2.49024925288283	2.00995303705320
0.968967509920457	1.91672337734347	2.11490356514006
1.07071518565544	2.15494904184370	1.81607120088596
1.30190042332789	2.29959589302753	1.57748748151542
1.24812641391661	2.32112883572788	2.35061406600371
1.07367502443873	2.51711133197242	1.64452690694851
1.25040012476915	2.39238381379340	1.87048579265401
0.958554106967027	2.31301542746699	2.12239143308125
1.16499776453416	1.85479314520046	2.49755190243137
1.75356416297799	2.22185806992989	2.01734413324569
1.56188722595712	1.74346073416241	2.49051121515032
1.20667759238628	2.42043550085435	1.72653446255584
1.66196330600010	2.39650073131997	1.89800518642021
0.960940185915501	1.90864895711014	2.19656868951164
1.42103156342247	2.66806432649797	1.56464075945352
1.05582818312248	1.79276952256817	2.24766158237836
1.29840141929139	2.58103507900352	1.92040043123281
1.48067785044719	2.47615430130926	2.31131742023802